RLC 42.9272,2.2627  — 371 objets OSM (historic=castle/fort, ruines)

### Objets entre 6 et 16 lieues communes (27-71 km) — les candidats pour 'pres de 11 lieues'
  25.3    59  |          5.69 |          6.49 |         11.38 |          4.55 |          6.32 |          5.06 |          5.68  <- ?  [ruins/yes//] (43.0438375, 2.5295359)
  25.3    71  |          5.70 |          6.50 |         11.40 |          4.56 |          6.33 |          5.07 |          5.69  <- Château de Termes  [castle/yes//attraction] (43.0023654, 2.5566984)
  25.6     8  |          5.76 |          6.57 |         11.52 |          4.61 |          6.40 |          5.12 |          5.75  <- Château de Couffoulens  [castle///] (43.1551395, 2.3068385)
  25.6    59  |          5.76 |          6.57 |         11.53 |          4.61 |          6.40 |          5.12 |          5.75  <- ?  [ruins/yes//] (43.0472325, 2.5315615)
  26.4    58  |          5.94 |          6.77 |         11.88 |          4.75 |          6.60 |          5.28 |          5.93  <- ?  [ruins/yes//] (43.0520608, 2.5388448)
  26.5   337  |          5.97 |          6.81 |         11.94 |          4.78 |          6.64 |          5.31 |          5.96  <- ?  [castle//fortress/] (43.1476413, 2.1373871)
  26.8   264  |          6.03 |          6.88 |         12.07 |          4.83 |          6.70 |          5.36 |          6.02  <- Château de Bélesta  [castle///] (42.9036208, 1.9350067)
  27.2    11  |          6.13 |          6.99 |         12.25 |          4.90 |          6.81 |          5.45 |          6.12  <- Château de Cavanac  [castle///] (43.167614, 2.327014)
  27.5   309  |          6.18 |          7.05 |         12.36 |          4.94 |          6.87 |          5.49 |          6.17  <- Château de Labastide d'Enrichard  [castle///] (43.0809201, 1.9983006)
  27.5    49  |          6.19 |          7.06 |         12.39 |          4.96 |          6.88 |          5.51 |          6.18  <- Château de Serviès-en-Val  [castle//defensive/] (43.0886577, 2.519448)
  27.5    49  |          6.20 |          7.06 |         12.39 |          4.96 |          6.88 |          5.51 |          6.18  <- Château de Serviès-en-Val  [castle//defensive/] (43.0890201, 2.519147)
  27.6   244  |          6.21 |          7.08 |         12.42 |          4.97 |          6.90 |          5.52 |          6.20  <- ?  [castle///] (42.816307, 1.9596815)
  28.6   131  |          6.43 |          7.34 |         12.87 |          5.15 |          7.15 |          5.72 |          6.42  <- Ancienne église Saint-Nazaire et Saint-celse d'Ansignan  [church/yes//] (42.7575432, 2.5262835)
  28.7   131  |          6.45 |          7.35 |         12.90 |          5.16 |          7.17 |          5.73 |          6.44  <- ?  [bridge/yes//] (42.7581124, 2.5280464)
  28.7   305  |          6.45 |          7.36 |         12.90 |          5.16 |          7.17 |          5.74 |          6.44  <- Château de Caudeval  [castle///] (43.0755495, 1.9742368)
  29.0    59  |          6.52 |          7.43 |         13.04 |          5.22 |          7.25 |          5.80 |          6.51  <- ?  [ruins/yes//] (43.0605484, 2.5689488)
  29.2    59  |          6.57 |          7.48 |         13.13 |          5.25 |          7.29 |          5.84 |          6.55  <- ?  [ruins/yes//] (43.0617933, 2.5707197)
  29.3    60  |          6.60 |          7.52 |         13.19 |          5.28 |          7.33 |          5.86 |          6.58  <- ?  [ruins/yes//] (43.0599393, 2.5742722)
  29.4   284  |          6.62 |          7.55 |         13.24 |          5.29 |          7.35 |          5.88 |          6.61  <- Château de Léran  [castle///] (42.990356, 1.9117049)
  29.9   297  |          6.73 |          7.68 |         13.46 |          5.39 |          7.48 |          5.98 |          6.72  <- Château de Lagarde  [castle/yes//] (43.0506052, 1.9358283)
  30.0   292  |          6.75 |          7.70 |         13.50 |          5.40 |          7.50 |          6.00 |          6.74  <- Château  [castle///] (43.0257693, 1.9194596)
  30.4   295  |          6.84 |          7.80 |         13.68 |          5.47 |          7.60 |          6.08 |          6.83  <- Château de Sibra  [castle///] (43.0431345, 1.924119)
  30.5    56  |          6.86 |          7.82 |         13.71 |          5.49 |          7.62 |          6.09 |          6.84  <- ?  [ruins/yes//] (43.0806111, 2.5733214)
  30.6   352  |          6.89 |          7.85 |         13.78 |          5.51 |          7.65 |          6.12 |          6.88  <- Château d'Arzens  [castle///] (43.1998455, 2.2095893)
  30.9   317  |          6.95 |          7.92 |         13.89 |          5.56 |          7.72 |          6.17 |          6.93  <- ?  [fort///] (43.1288804, 2.0017083)
  30.9    73  |          6.95 |          7.93 |         13.90 |          5.56 |          7.72 |          6.18 |          6.94  <- ?  [castle///] (43.0068718, 2.6265723)
  30.9   109  |          6.96 |          7.93 |         13.91 |          5.56 |          7.73 |          6.18 |          6.94  <- Château de Quéribus  [castle/yes/defensive/attraction] (42.8367999, 2.6214843)
  30.9    73  |          6.96 |          7.93 |         13.91 |          5.56 |          7.73 |          6.18 |          6.94  <- Château de Villerouge-Termenès  [castle///attraction] (43.0068259, 2.6267953)
  31.5   293  |          7.09 |          8.08 |         14.17 |          5.67 |          7.87 |          6.30 |          7.07  <- Château  [castle/yes//] (43.0380956, 1.9065753)
  31.8    54  |          7.15 |          8.15 |         14.30 |          5.72 |          7.95 |          6.36 |          7.14  <- ?  [ruins/yes//] (43.0967461, 2.5774798)
  31.8    24  |          7.16 |          8.16 |         14.31 |          5.73 |          7.95 |          6.36 |          7.14  <- Château de Gaja  [castle//manor/] (43.1893891, 2.4194346)
  31.9    40  |          7.17 |          8.17 |         14.33 |          5.73 |          7.96 |          6.37 |          7.15  <- Château de Prade  [castle//defensive/] (43.145557, 2.516524)
  32.1    15  |          7.22 |          8.24 |         14.45 |          5.78 |          8.03 |          6.42 |          7.21  <- Cité de Carcassonne  [castle///attraction] (43.2064097, 2.363751)
  32.2    15  |          7.24 |          8.26 |         14.48 |          5.79 |          8.04 |          6.44 |          7.23  <- Château Comtal  [castle///] (43.2071893, 2.3631954)
  32.4    13  |          7.29 |          8.31 |         14.58 |          5.83 |          8.10 |          6.48 |          7.28  <- Bastion de Montmorency  [fort///] (43.210727, 2.3549581)
  32.5   312  |          7.32 |          8.34 |         14.63 |          5.85 |          8.13 |          6.50 |          7.30  <- La Calvière  [ruins/yes//] (43.1228609, 1.965434)
  32.7   102  |          7.35 |          8.38 |         14.70 |          5.88 |          8.17 |          6.53 |          7.34  <- Château de Padern  [castle/yes/defensive/] (42.8674749, 2.6553321)
  32.9    28  |          7.40 |          8.43 |         14.80 |          5.92 |          8.22 |          6.58 |          7.38  <- Château de Fontiès-d'Aude  [castle//defensive/] (43.1872605, 2.4554115)
  33.0   130  |          7.42 |          8.46 |         14.83 |          5.93 |          8.24 |          6.59 |          7.40  <- Le Château  [castle///] (42.7356893, 2.5712433)
  33.0   162  |          7.43 |          8.47 |         14.87 |          5.95 |          8.26 |          6.61 |          7.42  <- Château de Paracolls  [castle/yes//] (42.6443872, 2.3865457)
  33.2    35  |          7.48 |          8.53 |         14.96 |          5.98 |          8.31 |          6.65 |          7.47  <- Château de Miramont  [castle/yes/defensive/attraction] (43.1706971, 2.5003244)
  33.9   243  |          7.62 |          8.69 |         15.25 |          6.10 |          8.47 |          6.78 |          7.61  <- Château de Montaillou  [castle/yes//] (42.7866022, 1.8940632)
  33.9    33  |          7.64 |          8.71 |         15.28 |          6.11 |          8.49 |          6.79 |          7.62  <- Château de Floure  [castle//manor/] (43.1831479, 2.4906128)
  34.0   162  |          7.64 |          8.71 |         15.28 |          6.11 |          8.49 |          6.79 |          7.63  <- Église Saint-Christophe de Fornols  [church/yes//] (42.637041, 2.3925965)
  34.1    58  |          7.68 |          8.75 |         15.35 |          6.14 |          8.53 |          6.82 |          7.66  <- Tour de Plaisance  [tower/yes//] (43.0891428, 2.6191576)
  34.5    28  |          7.75 |          8.84 |         15.50 |          6.20 |          8.61 |          6.89 |          7.74  <- Saint-Julia  [castle//manor/] (43.2007973, 2.4618647)
  34.6     1  |          7.79 |          8.88 |         15.58 |          6.23 |          8.66 |          6.93 |          7.78  <- Château de Pech Redon  [castle///] (43.2386195, 2.2685021)
  35.2    18  |          7.92 |          9.03 |         15.84 |          6.34 |          8.80 |          7.04 |          7.91  <- Château de Saint-Martin-de-Poursan  [castle///] (43.2282081, 2.3972735)
  35.2    45  |          7.92 |          9.03 |         15.85 |          6.34 |          8.80 |          7.04 |          7.91  <- ?  [ruins/yes//] (43.1503784, 2.5702536)
  35.3   137  |          7.94 |          9.05 |         15.88 |          6.35 |          8.82 |          7.06 |          7.92  <- Le Château  [castle///] (42.6960942, 2.559058)
  35.5     7  |          7.98 |          9.10 |         15.97 |          6.39 |          8.87 |          7.10 |          7.97  <- Château de Pennautier  [castle//palace/] (43.243772, 2.317776)
  35.5   261  |          7.99 |          9.11 |         15.98 |          6.39 |          8.88 |          7.10 |          7.97  <- Château de Montségur  [castle/yes/defensive/attraction] (42.8757188, 1.8325764)
  35.8    46  |          8.06 |          9.19 |         16.12 |          6.45 |          8.95 |          7.16 |          8.04  <- ?  [ruins/yes//] (43.1521669, 2.5781363)
  36.0   338  |          8.10 |          9.24 |         16.20 |          6.48 |          9.00 |          7.20 |          8.09  <- Château de Lamothe  [castle///] (43.2269638, 2.0948318)
  36.1   343  |          8.13 |          9.27 |         16.27 |          6.51 |          9.04 |          7.23 |          8.12  <- Château de Valgros  [castle///] (43.2377515, 2.131088)
  36.2    76  |          8.14 |          9.28 |         16.28 |          6.51 |          9.04 |          7.23 |          8.12  <- ?  [ruins/yes//] (43.0053083, 2.694246)
  36.3   123  |          8.18 |          9.32 |         16.35 |          6.54 |          9.09 |          7.27 |          8.16  <- Château de Cuxous  [castle///] (42.747006, 2.6345565)
  36.4    19  |          8.20 |          9.34 |         16.39 |          6.56 |          9.10 |          7.28 |          8.18  <- ?  [castle///] (43.2362435, 2.4114295)
  36.4    28  |          8.20 |          9.35 |         16.39 |          6.56 |          9.11 |          7.29 |          8.18  <- Château de Rustique  [castle//defensive/] (43.2160275, 2.4745045)
  36.5   302  |          8.22 |          9.37 |         16.43 |          6.57 |          9.13 |          7.30 |          8.20  <- Château de Terride  [ruins/yes//] (43.0987825, 1.8797116)
  36.7   338  |          8.25 |          9.40 |         16.49 |          6.60 |          9.16 |          7.33 |          8.23  <- Château de Robert  [castle///] (43.2319875, 2.090763)
  36.7    32  |          8.27 |          9.43 |         16.53 |          6.61 |          9.19 |          7.35 |          8.25  <- Château de Sainte-Eulalie  [castle//manor/] (43.2083418, 2.5005329)
  36.8    52  |          8.29 |          9.45 |         16.57 |          6.63 |          9.21 |          7.37 |          8.27  <- Ruines du prieuré de Saint-Michel-de-Nahuze  [monastery/yes//] (43.1324159, 2.6184315)
  36.8    23  |          8.29 |          9.45 |         16.58 |          6.63 |          9.21 |          7.37 |          8.27  <- Château de Bouilhonnac  [castle//defensive/] (43.2321932, 2.4400039)
  37.0    38  |          8.32 |          9.49 |         16.65 |          6.66 |          9.25 |          7.40 |          8.31  <- Notre-Dame de Lière  [castle//manor/] (43.188101, 2.545299)
  37.3    40  |          8.40 |          9.57 |         16.79 |          6.72 |          9.33 |          7.46 |          8.38  <- Château  [castle///] (43.1837986, 2.5588635)
  37.4    44  |          8.42 |          9.60 |         16.84 |          6.74 |          9.36 |          7.49 |          8.41  <- Château de Comigne  [castle//defensive/] (43.170777, 2.5807936)
  37.7     3  |          8.49 |          9.68 |         16.98 |          6.79 |          9.43 |          7.55 |          8.47  <- Château de l'Abbé  [castle///] (43.2662664, 2.2840921)
  37.8    32  |          8.52 |          9.71 |         17.03 |          6.81 |          9.46 |          7.57 |          8.50  <- Château de Miremont  [castle//manor/] (43.214441, 2.5126845)
  38.1    31  |          8.57 |          9.77 |         17.15 |          6.86 |          9.52 |          7.62 |          8.56  <- ?  [castle///] (43.2192414, 2.5081695)
  38.4   167  |          8.65 |          9.86 |         17.30 |          6.92 |          9.61 |          7.69 |          8.63  <- Fort Libéria  [castle///attraction] (42.5898104, 2.3648872)
  38.5   126  |          8.67 |          9.88 |         17.34 |          6.93 |          9.63 |          7.71 |          8.65  <- Château de Caladroy  [castle///] (42.7226993, 2.6440278)
  38.7   167  |          8.70 |          9.92 |         17.40 |          6.96 |          9.67 |          7.73 |          8.68  <- Redoute  [castle///] (42.5878762, 2.365944)
  38.7   167  |          8.71 |          9.93 |         17.42 |          6.97 |          9.68 |          7.74 |          8.70  <- Bastion de la Boucherie  [castle///] (42.587418, 2.3661477)
  38.8   168  |          8.72 |          9.95 |         17.45 |          6.98 |          9.69 |          7.75 |          8.71  <- Bastion du Roi  [castle///] (42.5867926, 2.364997)
  38.8   167  |          8.72 |          9.95 |         17.45 |          6.98 |          9.69 |          7.75 |          8.71  <- Bastion du Dauphin  [castle///] (42.5874897, 2.369272)
  38.8   167  |          8.73 |          9.95 |         17.45 |          6.98 |          9.70 |          7.76 |          8.71  <- vilafranca conflent  [castle///] (42.586929, 2.3670309)
  38.8   167  |          8.74 |          9.96 |         17.47 |          6.99 |          9.71 |          7.77 |          8.72  <- Bastion de la Reine  [castle///] (42.586275, 2.3654524)
  38.8   167  |          8.74 |          9.96 |         17.48 |          6.99 |          9.71 |          7.77 |          8.72  <- Bastion de la Montagne  [castle///] (42.5866564, 2.3680315)
  38.9   167  |          8.74 |          9.97 |         17.48 |          6.99 |          9.71 |          7.77 |          8.73  <- Bastion de Corneilla  [castle///] (42.5867354, 2.3694984)
  38.9    17  |          8.74 |          9.97 |         17.49 |          6.99 |          9.71 |          7.77 |          8.73  <- Château des Saptes  [castle///] (43.261404, 2.4028445)
  38.9    29  |          8.74 |          9.97 |         17.49 |          7.00 |          9.72 |          7.77 |          8.73  <- Château de Sept Serous  [castle///] (43.2334845, 2.4933345)
  38.9     8  |          8.75 |          9.97 |         17.49 |          7.00 |          9.72 |          7.77 |          8.73  <- La Bastide RougePeyre  [castle//stately/] (43.2735855, 2.3274096)
  39.0    22  |          8.78 |         10.01 |         17.56 |          7.02 |          9.75 |          7.80 |          8.76  <- Château de Malves-en-Minervois  [castle//defensive/] (43.2528515, 2.441882)
  39.2   288  |          8.83 |         10.07 |         17.66 |          7.06 |          9.81 |          7.85 |          8.81  <- Château de Dun ruines  [castle///] (43.0325361, 1.8022627)
  39.3   181  |          8.85 |         10.09 |         17.69 |          7.08 |          9.83 |          7.86 |          8.83  <- Château d'Évol  [castle/yes//] (42.5737413, 2.2538348)
  39.3   356  |          8.85 |         10.09 |         17.69 |          7.08 |          9.83 |          7.86 |          8.83  <- Château de Moussoulens  [castle//manor/] (43.2798995, 2.227849)
  39.4   343  |          8.87 |         10.12 |         17.74 |          7.10 |          9.86 |          7.89 |          8.86  <- ?  [castle///] (43.2671113, 2.1241326)
  39.6   346  |          8.90 |         10.15 |         17.80 |          7.12 |          9.89 |          7.91 |          8.88  <- ?  [castle///] (43.2719695, 2.142698)
  39.7    43  |          8.92 |         10.17 |         17.84 |          7.14 |          9.91 |          7.93 |          8.90  <- Château de Douzens  [castle//manor/] (43.186967, 2.597142)
  39.7    96  |          8.92 |         10.17 |         17.84 |          7.14 |          9.91 |          7.93 |          8.90  <- Château d'Aguilar  [castle/yes/defensive/attraction] (42.8906748, 2.7470438)
  39.7   352  |          8.93 |         10.18 |         17.86 |          7.14 |          9.92 |          7.94 |          8.91  <- ?  [castle///] (43.2806699, 2.195105)
  39.7   352  |          8.93 |         10.18 |         17.86 |          7.14 |          9.92 |          7.94 |          8.91  <- ?  [castle///] (43.2806437, 2.1947993)
  39.9   348  |          8.97 |         10.23 |         17.94 |          7.18 |          9.97 |          7.97 |          8.95  <- Château de Raissac-sur-Lampy  [castle///] (43.277933, 2.1608405)
  39.9   131  |          8.97 |         10.23 |         17.94 |          7.18 |          9.97 |          7.98 |          8.96  <- Ancien monastère Saint-Clément de Régleille  [monastery/yes//] (42.6903214, 2.6297122)
  40.4    30  |          9.09 |         10.36 |         18.18 |          7.27 |         10.10 |          8.08 |          9.07  <- Château de Bonhomme  [castle///] (43.2404012, 2.5147373)
  40.7    93  |          9.15 |         10.44 |         18.31 |          7.32 |         10.17 |          8.14 |          9.14  <- Château de Nouvelles  [castle/yes//] (42.9074576, 2.7615871)
  40.9    81  |          9.20 |         10.49 |         18.40 |          7.36 |         10.22 |          8.18 |          9.19  <- Château de Cascastel  [castle///] (42.9859965, 2.7588601)
  40.9    41  |          9.21 |         10.49 |         18.41 |          7.36 |         10.23 |          8.18 |          9.19  <- Château de Blomac  [castle//manor/] (43.2033955, 2.595467)
  41.1   234  |          9.25 |         10.55 |         18.50 |          7.40 |         10.28 |          8.22 |          9.23  <- Château d'Orgeix  [castle///] (42.7094208, 1.8554154)
  41.2   202  |          9.26 |         10.56 |         18.52 |          7.41 |         10.29 |          8.23 |          9.24  <- Église Saint-Sauveur  [church/yes//] (42.5827051, 2.0784411)
  41.2   316  |          9.27 |         10.57 |         18.54 |          7.42 |         10.30 |          8.24 |          9.25  <- Château des Courtines  [castle///] (43.1932448, 1.9097182)
  41.2   316  |          9.28 |         10.58 |         18.56 |          7.42 |         10.31 |          8.25 |          9.26  <- Château des Courtines  [castle///] (43.1929935, 1.908707)
  41.3     6  |          9.30 |         10.60 |         18.59 |          7.44 |         10.33 |          8.26 |          9.28  <- Château d'Aragon  [castle//defensive/] (43.296889, 2.313663)
  41.5   272  |          9.34 |         10.65 |         18.67 |          7.47 |         10.37 |          8.30 |          9.32  <- Château de Roquefixade  [castle/yes//] (42.9384873, 1.7532638)
  41.5   108  |          9.35 |         10.66 |         18.70 |          7.48 |         10.39 |          8.31 |          9.33  <- Château de Tautavel  [castle/castle//] (42.8116838, 2.7475866)
  41.6    16  |          9.37 |         10.68 |         18.73 |          7.49 |         10.41 |          8.33 |          9.35  <- Château de Vic  [castle//manor/] (43.287647, 2.4017015)
  41.8   291  |          9.41 |         10.73 |         18.82 |          7.53 |         10.46 |          8.37 |          9.39  <- Château de Gargas  [castle///] (43.060391, 1.7817545)
  41.9   202  |          9.42 |         10.74 |         18.84 |          7.54 |         10.47 |          8.37 |          9.40  <- Vieux chateau  [castle///] (42.5768072, 2.0750432)
  41.9   355  |          9.44 |         10.76 |         18.88 |          7.55 |         10.49 |          8.39 |          9.42  <- Le Petit Versailles  [castle//manor/] (43.3029731, 2.2167891)
  42.0   295  |          9.44 |         10.77 |         18.88 |          7.55 |         10.49 |          8.39 |          9.42  <- Château de Roques  [castle///hotel] (43.0855465, 1.7942814)
  42.0   347  |          9.45 |         10.77 |         18.90 |          7.56 |         10.50 |          8.40 |          9.43  <- Château de Saint-Martin-le-Vieil  [castle//defensive/] (43.294918, 2.1447449)
  42.3    20  |          9.51 |         10.84 |         19.02 |          7.61 |         10.57 |          8.45 |          9.49  <- Château de Villegly  [castle//defensive/] (43.2848351, 2.4392515)
  42.3    57  |          9.52 |         10.85 |         19.04 |          7.62 |         10.58 |          8.46 |          9.50  <- Tour  [castle///] (43.1354375, 2.698407)
  42.4   315  |          9.55 |         10.89 |         19.10 |          7.64 |         10.61 |          8.49 |          9.53  <- Château du Pujet  [castle///] (43.194233, 1.8893425)
  42.5   239  |          9.57 |         10.91 |         19.13 |          7.65 |         10.63 |          8.50 |          9.55  <- Château de Savignac  [castle///] (42.7295017, 1.8165649)
  42.7   310  |          9.61 |         10.96 |         19.22 |          7.69 |         10.68 |          8.54 |          9.59  <- Château de Lafage  [castle///] (43.1746912, 1.8608203)
  43.1    24  |          9.70 |         11.06 |         19.40 |          7.76 |         10.78 |          8.62 |          9.68  <- Château de Villarlong  [castle//manor/hotel] (43.2818142, 2.4772569)
  43.3    24  |          9.75 |         11.11 |         19.49 |          7.80 |         10.83 |          8.66 |          9.73  <- Chapelle Notre-Dame-de-la-Lauze  [ruins/yes//] (43.2821759, 2.482528)
  43.5    78  |          9.79 |         11.16 |         19.57 |          7.83 |         10.87 |          8.70 |          9.77  <- ?  [ruins/yes//] (43.0106475, 2.7849454)
  43.9   179  |          9.87 |         11.25 |         19.74 |          7.89 |         10.96 |          8.77 |          9.85  <- Château de Nyer  [castle///] (42.5329527, 2.2766087)
  44.0   340  |          9.90 |         11.29 |         19.80 |          7.92 |         11.00 |          8.80 |          9.88  <- Château Lagoual  [castle///] (43.298672, 2.075705)
  44.1    77  |          9.93 |         11.32 |         19.85 |          7.94 |         11.03 |          8.82 |          9.91  <- Lurio  [archaeological_site/yes//] (43.0139821, 2.7917391)
  44.1   316  |          9.93 |         11.32 |         19.86 |          7.95 |         11.04 |          8.83 |          9.91  <- Château de Saint-Sauveur  [castle///] (43.2127405, 1.8851865)
  44.2    42  |          9.94 |         11.34 |         19.88 |          7.95 |         11.05 |          8.84 |          9.92  <- Château de Puichéric  [castle//defensive/] (43.2241785, 2.6242815)
  44.3   171  |          9.96 |         11.36 |         19.92 |          7.97 |         11.07 |          8.85 |          9.94  <- Château de Thorrent  [castle///] (42.5339725, 2.3472655)
  44.4   311  |          9.99 |         11.39 |         19.97 |          7.99 |         11.10 |          8.88 |          9.97  <- Château de Cahuzac  [castle///] (43.1897136, 1.8512234)
  44.6   134  |         10.03 |         11.44 |         20.06 |          8.02 |         11.15 |          8.92 |         10.01  <- ?  [castle//chateau/] (42.6503276, 2.6578533)
  44.6   178  |         10.03 |         11.44 |         20.06 |          8.02 |         11.15 |          8.92 |         10.01  <- Ancien château de la Roca d'Anyer  [castle///] (42.5265122, 2.280572)
  44.8    13  |         10.07 |         11.48 |         20.14 |          8.06 |         11.19 |          8.95 |         10.05  <- Château de la Caunette  [castle/yes//] (43.3201306, 2.3826304)
  44.9   117  |         10.11 |         11.53 |         20.22 |          8.09 |         11.24 |          8.99 |         10.09  <- Mas de Las Fons  [castle///] (42.739772, 2.751005)
  45.0   354  |         10.12 |         11.54 |         20.24 |          8.10 |         11.25 |          9.00 |         10.10  <- ?  [castle///] (43.3296715, 2.2055155)
  45.2   248  |         10.17 |         11.59 |         20.33 |          8.13 |         11.30 |          9.04 |         10.15  <- Château de Lordat  [castle/yes//] (42.7759019, 1.7483811)
  45.2    44  |         10.18 |         11.60 |         20.36 |          8.14 |         11.31 |          9.05 |         10.16  <- Château de Roquecourbe-Minervois  [castle///] (43.2206233, 2.6485438)
  45.6    80  |         10.26 |         11.70 |         20.52 |          8.21 |         11.40 |          9.12 |         10.24  <- Château de Durban  [castle//defensive/attraction] (42.994271, 2.815594)
  46.1   326  |         10.37 |         11.82 |         20.73 |          8.29 |         11.52 |          9.22 |         10.35  <- Château de Fendeille  [castle///] (43.269347, 1.9425165)
  46.2   307  |         10.40 |         11.86 |         20.80 |          8.32 |         11.56 |          9.25 |         10.38  <- ?  [castle///] (43.1767577, 1.8076448)
  46.3    12  |         10.41 |         11.87 |         20.81 |          8.33 |         11.56 |          9.25 |         10.39  <- Vieille église  [church/yes//] (43.3347183, 2.3772177)
  46.3    12  |         10.43 |         11.89 |         20.86 |          8.34 |         11.59 |          9.27 |         10.41  <- Quertinheux  [castle/yes/fortress/] (43.3355423, 2.3775318)
  46.4    88  |         10.45 |         11.92 |         20.90 |          8.36 |         11.61 |          9.29 |         10.43  <- Château de Castelmaure  [castle/yes//] (42.9386602, 2.833083)
  46.5    12  |         10.45 |         11.92 |         20.90 |          8.36 |         11.61 |          9.29 |         10.43  <- Surdespine  [castle/yes/fortress/] (43.3364033, 2.3783922)
  46.5    12  |         10.46 |         11.93 |         20.92 |          8.37 |         11.62 |          9.30 |         10.44  <- Châteaux de Lastours  [castle/yes//] (43.336769, 2.3780531)
  46.5    48  |         10.46 |         11.93 |         20.92 |          8.37 |         11.62 |          9.30 |         10.44  <- Château de l'Horte  [castle//manor/] (43.2073004, 2.6878335)
  46.5     3  |         10.47 |         11.93 |         20.93 |          8.37 |         11.63 |          9.30 |         10.45  <- Château du Pujol  [castle///] (43.3449466, 2.2932545)
  46.5    12  |         10.47 |         11.93 |         20.93 |          8.37 |         11.63 |          9.30 |         10.45  <- Tour Régine  [castle/yes/fortress/] (43.3370112, 2.3779982)
  46.6    12  |         10.48 |         11.95 |         20.97 |          8.39 |         11.65 |          9.32 |         10.46  <- Cabaret  [castle/yes/fortress/attraction] (43.3377507, 2.377811)
  46.7   320  |         10.51 |         11.98 |         21.01 |          8.40 |         11.67 |          9.34 |         10.49  <- Château de Payra-sur-l'Hers  [castle///] (43.2477606, 1.89124)
  46.9   331  |         10.56 |         12.04 |         21.12 |          8.45 |         11.74 |          9.39 |         10.54  <- Château de Cheminières  [castle///] (43.29735, 1.984533)
  47.2   306  |         10.62 |         12.10 |         21.23 |          8.49 |         11.79 |          9.44 |         10.59  <- Château de Blazens  [castle///] (43.1728635, 1.7893526)
  47.2   306  |         10.62 |         12.11 |         21.24 |          8.49 |         11.80 |          9.44 |         10.60  <- ?  [castle///] (43.1730211, 1.7892935)
  47.4   341  |         10.66 |         12.15 |         21.32 |          8.53 |         11.84 |          9.48 |         10.64  <- ?  [castle///] (43.3306925, 2.07497)
  47.4   341  |         10.66 |         12.16 |         21.32 |          8.53 |         11.85 |          9.48 |         10.64  <- Château de Ferrals  [castle///attraction] (43.3307919, 2.0750691)
  47.5    33  |         10.70 |         12.20 |         21.39 |          8.56 |         11.88 |          9.51 |         10.68  <- Château  [castle///] (43.2838017, 2.5857973)
  47.6    94  |         10.72 |         12.22 |         21.44 |          8.58 |         11.91 |          9.53 |         10.70  <- Château de Perillos  [castle/yes//] (42.8971717, 2.8463415)
  48.1    41  |         10.82 |         12.34 |         21.65 |          8.66 |         12.03 |          9.62 |         10.80  <- Château de La Redorte  [castle///hotel] (43.2524335, 2.653451)
  48.3    48  |         10.87 |         12.40 |         21.75 |          8.70 |         12.08 |          9.67 |         10.85  <- Tour romane d'Escales  [ruins/yes//] (43.2190603, 2.7036611)
  48.4   351  |         10.89 |         12.42 |         21.78 |          8.71 |         12.10 |          9.68 |         10.87  <- Château de Saissac  [castle/yes//attraction] (43.356927, 2.1678666)
  48.4    37  |         10.90 |         12.42 |         21.79 |          8.72 |         12.11 |          9.69 |         10.88  <- Château Vaissière  [castle//manor/] (43.2739214, 2.6237731)
  48.5   338  |         10.92 |         12.45 |         21.83 |          8.73 |         12.13 |          9.70 |         10.90  <- Ancien Palais épiscopal  [castle///attraction] (43.3303219, 2.0337409)
  49.0    31  |         11.03 |         12.58 |         22.06 |          8.83 |         12.26 |          9.81 |         11.01  <- Château de Violet  [castle//defensive/] (43.3028294, 2.5791853)
  49.1    96  |         11.05 |         12.60 |         22.10 |          8.84 |         12.28 |          9.82 |         11.03  <- ?  [citywalls/yes//] (42.8763334, 2.8615935)
  49.1    96  |         11.05 |         12.60 |         22.10 |          8.84 |         12.28 |          9.82 |         11.03  <- Château de Salveterra  [castle/yes/defensive/] (42.8763234, 2.8616064)
  49.7   134  |         11.18 |         12.74 |         22.35 |          8.94 |         12.42 |          9.93 |         11.15  <- Château Vicomtal  [castle//castle/] (42.6187408, 2.702815)
  49.7   330  |         11.19 |         12.76 |         22.38 |          8.95 |         12.43 |          9.95 |         11.17  <- Château de Castelnaudary  [castle//defensive/] (43.3155765, 1.958905)
  49.8    37  |         11.21 |         12.78 |         22.42 |          8.97 |         12.45 |          9.96 |         11.19  <- ?  [castle///] (43.2857497, 2.6307907)
  50.1   252  |         11.27 |         12.85 |         22.54 |          9.02 |         12.52 |         10.02 |         11.25  <- Château de Gudanes  [castle///] (42.783856, 1.6802222)
  50.2     8  |         11.29 |         12.87 |         22.57 |          9.03 |         12.54 |         10.03 |         11.26  <- Église Saint-Pierre-de-Vals  [church/yes//] (43.3742638, 2.3453823)
  50.5    11  |         11.36 |         12.95 |         22.72 |          9.09 |         12.62 |         10.10 |         11.34  <- Château de Roquefère  [castle///attraction] (43.3734229, 2.3779586)
  50.6    31  |         11.38 |         12.97 |         22.75 |          9.10 |         12.64 |         10.11 |         11.35  <- Château de Paulignan  [castle//defensive/] (43.3174416, 2.5825154)
  50.9   120  |         11.45 |         13.05 |         22.90 |          9.16 |         12.72 |         10.18 |         11.43  <- ?  [castle///] (42.6938414, 2.7992394)
  50.9   257  |         11.46 |         13.07 |         22.93 |          9.17 |         12.74 |         10.19 |         11.44  <- Chapelle de Lujat  [wayside_chapel/yes//] (42.8212176, 1.6545508)
  51.0    46  |         11.48 |         13.09 |         22.97 |          9.19 |         12.76 |         10.21 |         11.46  <- Château de Saint-Estève  [castle//manor/] (43.2432864, 2.718496)
  51.2   306  |         11.52 |         13.13 |         23.04 |          9.21 |         12.80 |         10.24 |         11.50  <- Castella  [castle///] (43.1989959, 1.7540729)
  51.3   303  |         11.54 |         13.16 |         23.08 |          9.23 |         12.82 |         10.26 |         11.52  <- Château  [castle///] (43.1756785, 1.7308687)
  51.4   288  |         11.56 |         13.18 |         23.12 |          9.25 |         12.84 |         10.27 |         11.54  <- Château de Fiches  [castle///] (43.0657447, 1.6601871)
  51.6   268  |         11.62 |         13.25 |         23.24 |          9.30 |         12.91 |         10.33 |         11.60  <- Castella  [castle///viewpoint] (42.9076328, 1.6291418)
  51.8   112  |         11.65 |         13.28 |         23.29 |          9.32 |         12.94 |         10.35 |         11.62  <- El Castell  [castle///] (42.7546095, 2.8523562)
  52.0   126  |         11.71 |         13.35 |         23.42 |          9.37 |         13.01 |         10.41 |         11.69  <- Château de Saü  [castle///] (42.6488483, 2.7754039)
  52.1   334  |         11.73 |         13.37 |         23.45 |          9.38 |         13.03 |         10.42 |         11.70  <- Château du Castelet des Crozes  [castle///] (43.3495222, 1.9841641)
  52.5    64  |         11.81 |         13.47 |         23.62 |          9.45 |         13.12 |         10.50 |         11.79  <- Château de Gaussan  [castle///] (43.1348219, 2.8427015)
  52.7    73  |         11.85 |         13.51 |         23.70 |          9.48 |         13.17 |         10.53 |         11.83  <- Combe Longue  [ruins/yes//] (43.061371, 2.883878)
  52.9   351  |         11.91 |         13.57 |         23.81 |          9.52 |         13.23 |         10.58 |         11.88  <- Le Buisson  [castle///] (43.397069, 2.1590942)
  53.1   326  |         11.95 |         13.62 |         23.89 |          9.56 |         13.27 |         10.62 |         11.92  <- Château Ferrabouc  [castle///] (43.3246765, 1.9001675)
  53.1   314  |         11.96 |         13.63 |         23.91 |          9.56 |         13.28 |         10.63 |         11.93  <- Château de Mézerville  [castle///] (43.2599298, 1.7930957)
  53.3    24  |         11.98 |         13.66 |         23.96 |          9.59 |         13.31 |         10.65 |         11.96  <- ?  [ruins/yes//] (43.364426, 2.5306775)
  53.6    42  |         12.06 |         13.75 |         24.12 |          9.65 |         13.40 |         10.72 |         12.04  <- ?  [castle///] (43.2822248, 2.7094704)
  53.7    49  |         12.08 |         13.78 |         24.17 |          9.67 |         13.43 |         10.74 |         12.06  <- Église Notre-Dame-de-l'Assomption  [church/yes//] (43.2407791, 2.7657232)
  53.7   275  |         12.09 |         13.78 |         24.17 |          9.67 |         13.43 |         10.74 |         12.06  <- Tour Ronde  [castle///] (42.965341, 1.6047784)
  53.7   275  |         12.09 |         13.78 |         24.18 |          9.67 |         13.43 |         10.75 |         12.07  <- Château de Foix  [castle///museum] (42.9657002, 1.6047597)
  53.7   275  |         12.09 |         13.79 |         24.18 |          9.67 |         13.43 |         10.75 |         12.07  <- ?  [castle///] (42.965746, 1.6046067)
  53.8    49  |         12.11 |         13.81 |         24.22 |          9.69 |         13.46 |         10.77 |         12.09  <- Château de Argens-Minervois  [castle//defensive/] (43.2426047, 2.7655975)
  54.2    65  |         12.19 |         13.89 |         24.37 |          9.75 |         13.54 |         10.83 |         12.16  <- Ruines du château de Saint-Martin-de-Toques  [castle///] (43.1288186, 2.8693181)
  54.3   138  |         12.21 |         13.92 |         24.42 |          9.77 |         13.57 |         10.86 |         12.19  <- Château de Montauriol d'Amunt  [castle/castle//] (42.5616653, 2.7031481)
  54.3    88  |         12.21 |         13.92 |         24.42 |          9.77 |         13.57 |         10.86 |         12.19  <- Las Portes  [ruins/yes//] (42.9444631, 2.929057)
  54.5   294  |         12.25 |         13.97 |         24.51 |          9.80 |         13.61 |         10.89 |         12.23  <- Château de Riveneuve du Bosc  [castle///] (43.1282555, 1.651802)
  54.6    75  |         12.29 |         14.01 |         24.57 |          9.83 |         13.65 |         10.92 |         12.26  <- Église Notre-Dame des Oubiels  [yes/yes//] (43.0518744, 2.9121165)
  54.7   280  |         12.30 |         14.03 |         24.61 |          9.84 |         13.67 |         10.94 |         12.28  <- Château fortifié  [castle///] (43.0095715, 1.6001635)
  54.7   205  |         12.31 |         14.04 |         24.63 |          9.85 |         13.68 |         10.94 |         12.29  <- El Pont del Carrassut  [building/yes//] (42.479679, 1.984303)
  54.8   283  |         12.34 |         14.07 |         24.68 |          9.87 |         13.71 |         10.97 |         12.32  <- Château  [castle///] (43.0327639, 1.6041357)
  55.0   321  |         12.38 |         14.12 |         24.77 |          9.91 |         13.76 |         11.01 |         12.36  <- Château de Molleville  [castle///] (43.3114471, 1.8352926)
  55.1    24  |         12.39 |         14.12 |         24.78 |          9.91 |         13.76 |         11.01 |         12.36  <- Château  [castle/yes//] (43.379115, 2.5402132)
  55.6   338  |         12.52 |         14.27 |         25.04 |         10.01 |         13.91 |         11.13 |         12.49  <- Château de Labécède-Lauragais  [castle///] (43.3909075, 2.004943)
  55.7   114  |         12.54 |         14.30 |         25.08 |         10.03 |         13.94 |         11.15 |         12.52  <- Château du Vernet  [castle///] (42.7197733, 2.8849396)
  55.9    93  |         12.57 |         14.33 |         25.14 |         10.05 |         13.97 |         11.17 |         12.55  <- Chapelle Saint-Aubin  [ruins/yes//] (42.895055, 2.9472515)
  55.9   204  |         12.57 |         14.34 |         25.15 |         10.06 |         13.97 |         11.18 |         12.55  <- Castell de Llívia  [castle///] (42.4676508, 1.9861666)
  56.0   317  |         12.60 |         14.37 |         25.20 |         10.08 |         14.00 |         11.20 |         12.58  <- Donjon de Salles-sur-l'Hers  [castle///] (43.2931662, 1.7886724)
  56.3   117  |         12.68 |         14.46 |         25.36 |         10.14 |         14.09 |         11.27 |         12.65  <- ?  [castle///] (42.6933411, 2.8754988)
  56.4   262  |         12.70 |         14.48 |         25.39 |         10.16 |         14.11 |         11.29 |         12.67  <- Château de Lacombe  [castle///] (42.8555432, 1.5770261)
  56.7   255  |         12.75 |         14.54 |         25.50 |         10.20 |         14.17 |         11.33 |         12.73  <- Château de Miglos  [castle/yes//] (42.7966802, 1.5906452)
  57.1   319  |         12.86 |         14.66 |         25.71 |         10.28 |         14.28 |         11.43 |         12.83  <- Château de la Barthe  [castle///] (43.3156254, 1.8018383)
  57.3   131  |         12.89 |         14.69 |         25.77 |         10.31 |         14.32 |         11.45 |         12.86  <- Vestiges de la chapelle Saint-Vincent  [ruins/yes//] (42.5851933, 2.7871797)
  57.4   321  |         12.91 |         14.72 |         25.82 |         10.33 |         14.34 |         11.47 |         12.88  <- Château de Baraigne  [castle///attraction] (43.3300264, 1.8209478)
  57.4   116  |         12.93 |         14.74 |         25.85 |         10.34 |         14.36 |         11.49 |         12.90  <- Loge de Mer  [castle//palace/] (42.6996478, 2.8948934)
  57.5    40  |         12.93 |         14.75 |         25.86 |         10.35 |         14.37 |         11.50 |         12.91  <- Ruines de la chapelle Saint-Salvy  [church/yes//] (43.3212204, 2.7212127)
  57.5    44  |         12.94 |         14.75 |         25.88 |         10.35 |         14.38 |         11.50 |         12.91  <- Château de Beaufort  [castle///] (43.2974609, 2.7573748)
  57.6    40  |         12.96 |         14.78 |         25.92 |         10.37 |         14.40 |         11.52 |         12.94  <- Vestiges de la chapelle de Saint-Salvy  [tower/yes//] (43.3223289, 2.7218954)
  57.7   264  |         12.99 |         14.81 |         25.99 |         10.39 |         14.44 |         11.55 |         12.97  <- Château de Calamès  [castle/yes//] (42.8697088, 1.5581734)
  57.8   116  |         13.00 |         14.83 |         26.01 |         10.40 |         14.45 |         11.56 |         12.98  <- Palais des Rois de Majorque  [castle///attraction] (42.6939019, 2.8957979)
  57.8   265  |         13.01 |         14.83 |         26.01 |         10.41 |         14.45 |         11.56 |         12.98  <- Tour de Montorgueil  [castle/yes//] (42.8816525, 1.5557497)
  58.0   256  |         13.04 |         14.87 |         26.08 |         10.43 |         14.49 |         11.59 |         13.01  <- ?  [building/yes//] (42.801713, 1.5726275)
  58.1    54  |         13.08 |         14.91 |         26.16 |         10.46 |         14.53 |         11.63 |         13.06  <- Château du Canet  [castle//defensive/] (43.2294606, 2.8468697)
  58.1   327  |         13.08 |         14.92 |         26.17 |         10.47 |         14.54 |         11.63 |         13.06  <- Château d'Airoux  [castle///] (43.3628751, 1.8662708)
  58.2   319  |         13.10 |         14.93 |         26.20 |         10.48 |         14.55 |         11.64 |         13.07  <- Château de Belflou  [castle///] (43.3185879, 1.7863058)
  58.3    93  |         13.12 |         14.96 |         26.24 |         10.49 |         14.58 |         11.66 |         13.09  <- Château de Fitou  [castle///museum] (42.8935994, 2.97714)
  58.4   329  |         13.13 |         14.97 |         26.26 |         10.50 |         14.59 |         11.67 |         13.11  <- ?  [castle///] (43.3783795, 1.895135)
  58.4    52  |         13.14 |         14.98 |         26.28 |         10.51 |         14.60 |         11.68 |         13.11  <- Château de Paraza  [castle//manor/guest_house] (43.2498825, 2.8300763)
  58.7   216  |         13.21 |         15.06 |         26.41 |         10.56 |         14.67 |         11.74 |         13.18  <- Castell de Querol  [castle/yes//] (42.4985584, 1.843633)
  58.8   335  |         13.23 |         15.09 |         26.47 |         10.59 |         14.70 |         11.76 |         13.21  <- ?  [castle///] (43.4046349, 1.9504681)
  58.8   127  |         13.24 |         15.09 |         26.47 |         10.59 |         14.71 |         11.76 |         13.21  <- Chapelle Sainte-Marie de Masdéu  [yes/yes//] (42.6072331, 2.8365115)
  58.8   335  |         13.24 |         15.10 |         26.48 |         10.59 |         14.71 |         11.77 |         13.21  <- Château de la Pomarède  [castle///] (43.4048599, 1.9503203)
  58.9    76  |         13.26 |         15.12 |         26.52 |         10.61 |         14.73 |         11.79 |         13.24  <- Le Château du Lac  [manor/yes//] (43.0573319, 2.9651729)
  58.9   123  |         13.26 |         15.12 |         26.53 |         10.61 |         14.74 |         11.79 |         13.24  <- Le Château  [castle///] (42.6368631, 2.8670227)
  59.0   155  |         13.27 |         15.13 |         26.54 |         10.62 |         14.75 |         11.80 |         13.25  <- Castell de Mollet  [castle//fortress/] (42.4461512, 2.5668371)
  59.3   350  |         13.34 |         15.21 |         26.68 |         10.67 |         14.82 |         11.86 |         13.31  <- Château de Limatge  [castle///] (43.4519131, 2.1331043)
  59.5   313  |         13.39 |         15.26 |         26.77 |         10.71 |         14.87 |         11.90 |         13.36  <- Château de Fajac-la-Relenque  [castle///] (43.287814, 1.721222)
  59.5   105  |         13.40 |         15.28 |         26.80 |         10.72 |         14.89 |         11.91 |         13.37  <- ?  [castle///] (42.7846427, 2.9668914)
  59.8   314  |         13.47 |         15.35 |         26.93 |         10.77 |         14.96 |         11.97 |         13.44  <- Château de Marquein  [castle///] (43.3016967, 1.7331022)
  60.0   142  |         13.50 |         15.40 |         27.01 |         10.80 |         15.00 |         12.00 |         13.48  <- ?  [castle///] (42.49847, 2.708841)
  60.1    63  |         13.53 |         15.43 |         27.06 |         10.82 |         15.03 |         12.03 |         13.50  <- Château de Saint-Pierre-des-Clars  [castle///] (43.1692973, 2.9245001)
  60.2    53  |         13.54 |         15.44 |         27.08 |         10.83 |         15.04 |         12.04 |         13.51  <- Château de Ventenac en Minervois  [castle///] (43.2478128, 2.8598164)
  60.3   317  |         13.57 |         15.47 |         27.14 |         10.85 |         15.08 |         12.06 |         13.54  <- ?  [castle///] (43.324938, 1.7575965)
  60.5   147  |         13.60 |         15.51 |         27.20 |         10.88 |         15.11 |         12.09 |         13.58  <- Fort-les-Bains  [castle//fortress/] (42.4707797, 2.6645813)
  60.5   296  |         13.61 |         15.52 |         27.22 |         10.89 |         15.12 |         12.10 |         13.59  <- Château de Bonnac  [castle//stately/] (43.1647498, 1.5929221)
  60.5   163  |         13.62 |         15.53 |         27.24 |         10.90 |         15.13 |         12.11 |         13.59  <- Fort Lagarde  [castle//fortress/] (42.4071509, 2.4813864)
  60.7   113  |         13.67 |         15.58 |         27.33 |         10.93 |         15.18 |         12.15 |         13.64  <- Tour de Château-Roussillon  [yes/yes//] (42.7112137, 2.9465842)
  60.9   157  |         13.71 |         15.63 |         27.42 |         10.97 |         15.23 |         12.19 |         13.68  <- Tour de Cos  [yes/yes//] (42.4222221, 2.5519445)
  61.8   138  |         13.90 |         15.84 |         27.79 |         11.12 |         15.44 |         12.35 |         13.87  <- Château d'Aubiry  [castle///] (42.512849, 2.7661843)
  61.8   287  |         13.90 |         15.85 |         27.80 |         11.12 |         15.44 |         12.36 |         13.87  <- Château Rouzaud  [castle//manor/] (43.0896952, 1.5361611)
  61.8    39  |         13.91 |         15.86 |         27.81 |         11.13 |         15.45 |         12.36 |         13.88  <- ?  [yes/yes//] (43.3586177, 2.7432)
  61.8     9  |         13.91 |         15.86 |         27.81 |         11.13 |         15.45 |         12.36 |         13.88  <- Vestiges du Château d'Hautpoul  [castle/yes/defensive/attraction] (43.4766332, 2.3787543)
  61.9   327  |         13.93 |         15.88 |         27.86 |         11.14 |         15.48 |         12.38 |         13.90  <- Château de Montmaur  [castle///] (43.3931447, 1.8449794)
  61.9   327  |         13.93 |         15.88 |         27.86 |         11.14 |         15.48 |         12.38 |         13.90  <- ?  [castle///] (43.3931695, 1.8450215)
  62.0   330  |         13.94 |         15.89 |         27.88 |         11.15 |         15.49 |         12.39 |         13.91  <- ?  [castle///] (43.4075432, 1.8755651)
  62.2   322  |         13.99 |         15.95 |         27.98 |         11.19 |         15.54 |         12.43 |         13.96  <- ?  [castle///] (43.3668899, 1.7893079)
  62.2    92  |         13.99 |         15.95 |         27.98 |         11.19 |         15.54 |         12.43 |         13.96  <- Bastion de Montmorency  [citywalls/yes//] (42.9076154, 3.0257851)
  62.2   310  |         14.00 |         15.96 |         28.00 |         11.20 |         15.56 |         12.45 |         13.97  <- Maison de Coulom  [castle///] (43.2882705, 1.677075)
  62.7    67  |         14.11 |         16.08 |         28.21 |         11.28 |         15.67 |         12.54 |         14.08  <- ?  [castle//manor/] (43.147298, 2.972864)
  63.1     4  |         14.20 |         16.19 |         28.40 |         11.36 |         15.78 |         12.62 |         14.17  <- Château d'Aiguefonde  [castle///] (43.4934833, 2.3152587)
  63.2   318  |         14.22 |         16.21 |         28.44 |         11.37 |         15.80 |         12.64 |         14.19  <- ?  [castle///] (43.3470685, 1.7379005)
  63.4   353  |         14.28 |         16.28 |         28.55 |         11.42 |         15.86 |         12.69 |         14.25  <- Château de Massaguel  [castle///] (43.492974, 2.160485)
  63.5    17  |         14.28 |         16.28 |         28.57 |         11.43 |         15.87 |         12.70 |         14.26  <- Château de Soult-Berg  [castle///] (43.4726906, 2.4938507)
  63.6    90  |         14.32 |         16.32 |         28.63 |         11.45 |         15.91 |         12.73 |         14.29  <- Ancien fanal, dit Redoute de la Franqui  [fort///] (42.9277475, 3.0442626)
  63.6    46  |         14.32 |         16.33 |         28.64 |         11.45 |         15.91 |         12.73 |         14.29  <- Château de Landure  [castle///] (43.3200674, 2.8329687)
  63.7   285  |         14.33 |         16.34 |         28.66 |         11.47 |         15.92 |         12.74 |         14.31  <- Château vieux  [castle///] (43.0721455, 1.5049513)
  63.8   356  |         14.35 |         16.36 |         28.70 |         11.48 |         15.95 |         12.76 |         14.33  <- Château d'Escoussens  [castle///] (43.4997465, 2.212747)
  64.0   147  |         14.40 |         16.41 |         28.79 |         11.52 |         16.00 |         12.80 |         14.37  <- Ruines du Château de Montalba  [castle///] (42.4424526, 2.6844615)
  64.1    50  |         14.42 |         16.44 |         28.83 |         11.53 |         16.02 |         12.82 |         14.39  <- ?  [castle///] (43.2964267, 2.8688322)
  64.2    50  |         14.44 |         16.46 |         28.88 |         11.55 |         16.05 |         12.84 |         14.41  <- Château de Cabezac  [castle///] (43.2973812, 2.8694247)
  64.3   327  |         14.48 |         16.50 |         28.95 |         11.58 |         16.08 |         12.87 |         14.45  <- Château du Valès  [castle///] (43.4121621, 1.8300557)
  64.3    17  |         14.48 |         16.50 |         28.95 |         11.58 |         16.08 |         12.87 |         14.45  <- Château de Saint-Amans-Valtoret  [castle//manor/] (43.4815894, 2.4900776)
  64.6   354  |         14.53 |         16.57 |         29.06 |         11.62 |         16.14 |         12.92 |         14.50  <- Château de Touscayrats  [castle///] (43.5049234, 2.180719)
  64.8   187  |         14.58 |         16.62 |         29.15 |         11.66 |         16.20 |         12.96 |         14.55  <- Castell de Queralbs  [castle///attraction] (42.3491691, 2.1644537)
  64.9    50  |         14.59 |         16.64 |         29.18 |         11.67 |         16.21 |         12.97 |         14.56  <- Château de la Sellette  [castle///] (43.3010701, 2.8759897)
  64.9   308  |         14.61 |         16.65 |         29.21 |         11.68 |         16.23 |         12.98 |         14.58  <- Château de Calmont  [castle///] (43.2865293, 1.6324955)
  65.0     7  |         14.62 |         16.67 |         29.24 |         11.69 |         16.24 |         12.99 |         14.59  <- Château de la Falgalarié  [castle//manor/] (43.5065705, 2.3671385)
  65.1    49  |         14.64 |         16.69 |         29.28 |         11.71 |         16.26 |         13.01 |         14.61  <- Four à chaux  [ruins/yes//] (43.306872, 2.872624)
  65.1    49  |         14.65 |         16.70 |         29.29 |         11.72 |         16.27 |         13.02 |         14.62  <- Four à chaux  [ruins/yes//] (43.3073082, 2.8725795)
  65.2    21  |         14.68 |         16.73 |         29.35 |         11.74 |         16.31 |         13.05 |         14.65  <- Château de Sauveterre  [castle///] (43.474114, 2.5539825)
  65.3   121  |         14.69 |         16.75 |         29.37 |         11.75 |         16.32 |         13.06 |         14.66  <- Château de Corneilla-del-Vercol  [castle///] (42.6254752, 2.9487666)
  65.4   333  |         14.71 |         16.77 |         29.42 |         11.77 |         16.35 |         13.08 |         14.68  <- Château de Saint-Félix-Lauragais  [castle///] (43.448551, 1.8896955)
  65.6   353  |         14.75 |         16.82 |         29.50 |         11.80 |         16.39 |         13.11 |         14.72  <- Château de Verdalle  [castle///] (43.5120662, 2.1599269)
  65.6   217  |         14.76 |         16.82 |         29.51 |         11.80 |         16.39 |         13.12 |         14.73  <- Castell de Meranges  [castle/yes//] (42.4530061, 1.7857521)
  65.6   210  |         14.76 |         16.82 |         29.51 |         11.80 |         16.40 |         13.12 |         14.73  <- Sant Joan de Saga  [church/yes//] (42.4143086, 1.8668148)
  65.6    11  |         14.76 |         16.83 |         29.51 |         11.81 |         16.40 |         13.12 |         14.73  <- Château de Montlédier  [castle//defensive/] (43.5064656, 2.4155752)
  65.6   112  |         14.76 |         16.83 |         29.52 |         11.81 |         16.40 |         13.12 |         14.73  <- Château  [castle/yes//] (42.7068695, 3.0088236)
  65.7   127  |         14.78 |         16.85 |         29.55 |         11.82 |         16.42 |         13.13 |         14.75  <- Château de Pourteils  [castle//stately/] (42.572019, 2.9051701)
  65.8     8  |         14.81 |         16.88 |         29.61 |         11.85 |         16.45 |         13.16 |         14.78  <- Château de Thoré  [castle///] (43.5136675, 2.3724455)
  65.8    49  |         14.82 |         16.89 |         29.63 |         11.85 |         16.46 |         13.17 |         14.79  <- La Tour  [castle//fortress/] (43.3178561, 2.8725009)
  65.9   313  |         14.83 |         16.91 |         29.66 |         11.86 |         16.48 |         13.18 |         14.80  <- ?  [castle///] (43.33328, 1.670997)
  66.0    23  |         14.84 |         16.92 |         29.68 |         11.87 |         16.49 |         13.19 |         14.81  <- Château de Kerlo  [castle//manor/] (43.4739907, 2.5782555)
  66.0   339  |         14.84 |         16.92 |         29.69 |         11.87 |         16.49 |         13.19 |         14.82  <- Château Belloc  [castle///] (43.480803, 1.969972)
  66.2   131  |         14.89 |         16.98 |         29.78 |         11.91 |         16.54 |         13.23 |         14.86  <- ?  [castle//manor/] (42.538471, 2.876176)
  66.2   297  |         14.90 |         16.98 |         29.79 |         11.91 |         16.55 |         13.24 |         14.87  <- ?  [castle///] (43.1916851, 1.5327808)
  66.2    46  |         14.90 |         16.99 |         29.80 |         11.92 |         16.56 |         13.24 |         14.87  <- Château d'Agel  [castle///] (43.338257, 2.853374)
  66.4   286  |         14.95 |         17.04 |         29.89 |         11.96 |         16.61 |         13.29 |         14.92  <- Castella  [castle///] (43.0886315, 1.4762048)
  66.5   285  |         14.96 |         17.06 |         29.93 |         11.97 |         16.63 |         13.30 |         14.94  <- Château de la Hille  [castle///] (43.0787672, 1.4716012)
  66.6    56  |         14.98 |         17.08 |         29.96 |         11.98 |         16.64 |         13.31 |         14.95  <- Château de Sallèles d'Aude  [castle///] (43.2557065, 2.9482106)
  66.6    64  |         15.00 |         17.10 |         29.99 |         12.00 |         16.66 |         13.33 |         14.97  <- Palais des Archevêques  [castle///attraction] (43.1840945, 3.0038489)
  66.7    64  |         15.00 |         17.10 |         30.00 |         12.00 |         16.67 |         13.33 |         14.97  <- Donjon de la Madeleine  [castle//defensive/] (43.1841649, 3.0041347)
  66.9    48  |         15.06 |         17.17 |         30.13 |         12.05 |         16.74 |         13.39 |         15.04  <- La Tour de Boussecos  [castle/yes/defensive/attraction] (43.332351, 2.8730589)
  67.0   122  |         15.07 |         17.18 |         30.14 |         12.05 |         16.74 |         13.39 |         15.04  <- Ancienne maternité Suisse d'Elne  [castle///museum] (42.6041726, 2.9551495)
  67.0   212  |         15.09 |         17.20 |         30.17 |         12.07 |         16.76 |         13.41 |         15.06  <- Sant Pere de Ger  [ruins/yes//] (42.4128963, 1.8348086)
  67.2    21  |         15.12 |         17.23 |         30.23 |         12.09 |         16.79 |         13.44 |         15.09  <- Caylus  [castle///] (43.4892655, 2.5667996)
  67.3   328  |         15.14 |         17.26 |         30.28 |         12.11 |         16.82 |         13.46 |         15.11  <- Château de Bélesta  [castle///] (43.4408988, 1.8238636)
  67.3    25  |         15.15 |         17.27 |         30.29 |         12.12 |         16.83 |         13.46 |         15.12  <- Château de Campan  [castle///] (43.477062, 2.6104733)
  67.5   336  |         15.20 |         17.33 |         30.39 |         12.16 |         16.88 |         13.51 |         15.17  <- Château de Quioussac  [castle///] (43.4820676, 1.923792)
  67.6   354  |         15.22 |         17.35 |         30.43 |         12.17 |         16.90 |         13.52 |         15.19  <- Château de Groupiac  [castle///] (43.5319235, 2.17421)
  67.7   113  |         15.23 |         17.37 |         30.46 |         12.18 |         16.92 |         13.54 |         15.20  <- Château de l'Esparrou  [castle///] (42.6887888, 3.0262049)
  67.7   339  |         15.24 |         17.38 |         30.48 |         12.19 |         16.93 |         13.55 |         15.21  <- Château de Garrevaques  [castle///] (43.4972855, 1.968092)
  67.9    75  |         15.27 |         17.41 |         30.54 |         12.22 |         16.97 |         13.57 |         15.24  <- ?  [yes/yes//] (43.0849492, 3.0690855)
  67.9    75  |         15.27 |         17.41 |         30.54 |         12.22 |         16.97 |         13.58 |         15.24  <- ?  [yes/yes//] (43.0848356, 3.069174)
  67.9    75  |         15.27 |         17.41 |         30.54 |         12.22 |         16.97 |         13.58 |         15.24  <- ?  [yes/yes//] (43.0851333, 3.0690828)
  67.9    75  |         15.28 |         17.42 |         30.55 |         12.22 |         16.97 |         13.58 |         15.25  <- ?  [yes/yes//] (43.084863, 3.0693725)
  67.9    75  |         15.28 |         17.42 |         30.55 |         12.22 |         16.97 |         13.58 |         15.25  <- ?  [yes/yes//] (43.0849962, 3.0693912)
  67.9    75  |         15.28 |         17.42 |         30.55 |         12.22 |         16.97 |         13.58 |         15.25  <- ?  [yes/yes//] (43.0852019, 3.0693403)
  67.9    75  |         15.28 |         17.42 |         30.56 |         12.22 |         16.98 |         13.58 |         15.25  <- ?  [yes/yes//] (43.0854095, 3.0694127)
  67.9    75  |         15.28 |         17.42 |         30.56 |         12.22 |         16.98 |         13.58 |         15.25  <- ?  [yes/yes//] (43.0852704, 3.0695415)
  67.9    75  |         15.28 |         17.43 |         30.57 |         12.23 |         16.98 |         13.58 |         15.25  <- ?  [yes/yes//] (43.0850726, 3.0696997)
  67.9    75  |         15.29 |         17.43 |         30.57 |         12.23 |         16.98 |         13.59 |         15.25  <- ?  [yes/yes//] (43.0851823, 3.0697024)
  68.1   132  |         15.32 |         17.47 |         30.64 |         12.25 |         17.02 |         13.62 |         15.29  <- Château de Montesquieu  [castle/yes//] (42.5175839, 2.882106)
  68.1   341  |         15.32 |         17.47 |         30.64 |         12.25 |         17.02 |         13.62 |         15.29  <- Château de Lastouzeilles  [castle///] (43.5055285, 1.986715)
  68.1   316  |         15.33 |         17.48 |         30.66 |         12.26 |         17.03 |         13.62 |         15.30  <- Château de Seyre  [castle///] (43.363162, 1.6727395)
  68.2     0  |         15.34 |         17.49 |         30.68 |         12.27 |         17.05 |         13.64 |         15.31  <- Château de Labruguière  [castle///] (43.5404709, 2.2635119)
  68.3   314  |         15.36 |         17.52 |         30.72 |         12.29 |         17.07 |         13.65 |         15.33  <- Château de Roquefoulet  [castle///] (43.3514275, 1.654366)
  68.3   167  |         15.36 |         17.52 |         30.73 |         12.29 |         17.07 |         13.66 |         15.33  <- Castell de Rocabruna  [castle///attraction] (42.3294159, 2.4532353)
  68.3   167  |         15.36 |         17.52 |         30.73 |         12.29 |         17.07 |         13.66 |         15.33  <- Castell de Rocabruna  [castle///] (42.3293917, 2.4532925)
  68.3   136  |         15.38 |         17.53 |         30.76 |         12.30 |         17.09 |         13.67 |         15.35  <- Château des maures  [castle///attraction] (42.4821923, 2.8396884)
  68.5   312  |         15.42 |         17.58 |         30.84 |         12.34 |         17.13 |         13.71 |         15.39  <- ?  [castle///] (43.3386235, 1.633854)
  69.0   323  |         15.52 |         17.69 |         31.03 |         12.41 |         17.24 |         13.79 |         15.49  <- Château  [castle///] (43.4244435, 1.754571)
  69.0   349  |         15.52 |         17.69 |         31.04 |         12.42 |         17.24 |         13.79 |         15.49  <- Château du Gua  [castle///] (43.5362634, 2.1011726)
  69.1   186  |         15.54 |         17.72 |         31.08 |         12.43 |         17.27 |         13.81 |         15.51  <- Castell de Sant Pere  [castle///] (42.3097717, 2.1717698)
  69.2   286  |         15.58 |         17.76 |         31.15 |         12.46 |         17.31 |         13.85 |         15.55  <- Château de Pailhès  [castle///] (43.1006579, 1.4449477)
  69.3   320  |         15.59 |         17.77 |         31.18 |         12.47 |         17.32 |         13.86 |         15.56  <- Château de Barrelles  [castle//stately/] (43.4050709, 1.7144805)
  69.8    73  |         15.70 |         17.89 |         31.39 |         12.55 |         17.44 |         13.95 |         15.66  <- La tour Barberousse  [castle/yes/fortress/attraction] (43.1077488, 3.0844045)
  69.8   292  |         15.70 |         17.90 |         31.40 |         12.56 |         17.44 |         13.96 |         15.67  <- Château Baranèze  [castle//manor/] (43.1597457, 1.4651794)
  69.9   345  |         15.72 |         17.93 |         31.44 |         12.58 |         17.47 |         13.97 |         15.69  <- Château de Padiés  [castle///] (43.5353178, 2.0452864)
  69.9   357  |         15.73 |         17.93 |         31.46 |         12.58 |         17.48 |         13.98 |         15.70  <- Château de Montespieu  [castle///] (43.5552485, 2.2223735)
  70.0   297  |         15.76 |         17.96 |         31.51 |         12.60 |         17.51 |         14.01 |         15.73  <- Château de Justiniac  [castle//manor/] (43.2078459, 1.4910066)
  70.0   157  |         15.76 |         17.97 |         31.52 |         12.61 |         17.51 |         14.01 |         15.73  <- Sant Corneli de Ribelles  [ruins/yes//] (42.3480919, 2.5992849)
  70.0   232  |         15.76 |         17.97 |         31.52 |         12.61 |         17.51 |         14.01 |         15.73  <- Castell de les Bons (Torre dels Moros)  [castle//defensive/] (42.539331, 1.5871256)
  70.0   354  |         15.76 |         17.97 |         31.52 |         12.61 |         17.51 |         14.01 |         15.73  <- Château de Viviers-lès-Montagnes  [castle///] (43.5541562, 2.1785091)

### Bande 'couchant' stricte : cap entre 255 et 285 degres, 20-70 km
  26.8   264  | commune  6.03 | Paris  6.88 | 4km  6.70 | 5km  5.36 | 1/25deg  6.02  <- Château de Bélesta (42.9036208, 1.9350067)
  29.4   284  | commune  6.62 | Paris  7.55 | 4km  7.35 | 5km  5.88 | 1/25deg  6.61  <- Château de Léran (42.990356, 1.9117049)
  35.5   261  | commune  7.99 | Paris  9.11 | 4km  8.88 | 5km  7.10 | 1/25deg  7.97  <- Château de Montségur (42.8757188, 1.8325764)
  41.5   272  | commune  9.34 | Paris 10.65 | 4km 10.37 | 5km  8.30 | 1/25deg  9.32  <- Château de Roquefixade (42.9384873, 1.7532638)
  50.9   257  | commune 11.46 | Paris 13.07 | 4km 12.74 | 5km 10.19 | 1/25deg 11.44  <- Chapelle de Lujat (42.8212176, 1.6545508)
  51.6   268  | commune 11.62 | Paris 13.25 | 4km 12.91 | 5km 10.33 | 1/25deg 11.60  <- Castella (42.9076328, 1.6291418)
  53.7   275  | commune 12.09 | Paris 13.78 | 4km 13.43 | 5km 10.74 | 1/25deg 12.06  <- Tour Ronde (42.965341, 1.6047784)
  53.7   275  | commune 12.09 | Paris 13.78 | 4km 13.43 | 5km 10.75 | 1/25deg 12.07  <- Château de Foix (42.9657002, 1.6047597)
  53.7   275  | commune 12.09 | Paris 13.79 | 4km 13.43 | 5km 10.75 | 1/25deg 12.07  <- ? (42.965746, 1.6046067)
  54.7   280  | commune 12.30 | Paris 14.03 | 4km 13.67 | 5km 10.94 | 1/25deg 12.28  <- Château fortifié (43.0095715, 1.6001635)
  54.8   283  | commune 12.34 | Paris 14.07 | 4km 13.71 | 5km 10.97 | 1/25deg 12.32  <- Château (43.0327639, 1.6041357)
  56.4   262  | commune 12.70 | Paris 14.48 | 4km 14.11 | 5km 11.29 | 1/25deg 12.67  <- Château de Lacombe (42.8555432, 1.5770261)
  56.7   255  | commune 12.75 | Paris 14.54 | 4km 14.17 | 5km 11.33 | 1/25deg 12.73  <- Château de Miglos (42.7966802, 1.5906452)
  57.7   264  | commune 12.99 | Paris 14.81 | 4km 14.44 | 5km 11.55 | 1/25deg 12.97  <- Château de Calamès (42.8697088, 1.5581734)
  57.8   265  | commune 13.01 | Paris 14.83 | 4km 14.45 | 5km 11.56 | 1/25deg 12.98  <- Tour de Montorgueil (42.8816525, 1.5557497)
  58.0   256  | commune 13.04 | Paris 14.87 | 4km 14.49 | 5km 11.59 | 1/25deg 13.01  <- ? (42.801713, 1.5726275)
  63.7   285  | commune 14.33 | Paris 16.34 | 4km 15.92 | 5km 12.74 | 1/25deg 14.31  <- Château vieux (43.0721455, 1.5049513)
  66.5   285  | commune 14.96 | Paris 17.06 | 4km 16.63 | 5km 13.30 | 1/25deg 14.94  <- Château de la Hille (43.0787672, 1.4716012)
